 # list of object assets to load in this scene
[ASSETS]
mario.txt
coin.txt
cloud.txt
brick.txt
background.txt
questionbrick.txt
#
[OBJECTS]
# type	x	y	extra_settings per object type
# type: 0 = Mario , 1 = Brick, 2 = Goomba, 3 = Koopas
# See OBJECT_TYPE constants in AssetIDs.h

#Background
#bgtree
6	24	164	16	16	30001
6	24	148	16	16	30001
6	24	132	16	16	30003
6	40	164	16	16	30002
6	40	148	16	16	30002
6	40	148	16	16	30003
6	40	132	16	16	30002
6	40	132	16	16	30004
6	40	116	16	16	30003
6	56	164	16	16	30002
6	56	148	16	16	30002
6	56	148	16	16	30004
6	56	132	16	16	30005
6	56	116	16	16	30004
6	72	164	16	16	30002
6	72	148	16	16	30002
6	72	132	16	16	30003
6	88	164	16	16	30002
6	88	164	16	16	30003
6	88	148	16	16	30005
6	88	132	16	16	30004
6	104	164	16	16	30002
6	104	164	16	16	30004
6	104	148	16	16	30001
6	104	132	16	16	30003
6	120	164	16	16	30002
6	120	148	16	16	30002
6	120	148	16	16	30003
6	120	132	16	16	30004
6	136	164	16	16	30005
6	136	148	16	16	30004

#bgbush
6	169	164	16	16	30006
6	185	164	16	16	30006
6	201	164	16	16	30006

#bgcloud
6	140	74	16	16	30007
6	156	74	16	16	30008
6	172	74	16	16	30008
6	188	74	16	16	30009
6	140	90	16	16	30010
6	156	90	16	16	30011
6	172	90	16	16	30011
6	188	90	16	16	30012	

#QuationBrick	
1	185	125
1	201	125	

# MARIO
0	120	10

#COIN
#4	100	120
#4	120	120
#4	140	120
#4	160	120
#4	180	120


#4	100	100
#4	120	100
#4	140	100
#4	160	100
#4	180	100


#Platform
5	8	180	16	16	42	20003	20002	20004
5	639	180	16	16	31	20005	20006	20007
5	639	164	16	16	31	20003	20002	20004


#Portal 
#50	200	160	216	180	1

